package algorithm.blur;

public class GuassMask
{
//	public static final double[][] MASK3 = 
//	{ 
//		{ 1, 1, 1 }, 
//		{ 1, 2, 1 }, 
//		{ 1, 1, 1 } 
//	};
	
	
	public static final double[][] MASK3 = 
	{ 
		{ 0.1, 0.2, 0.1 }, 
		{ 0.2, 0.1, 0.2 }, 
		{ 0.1, 0.2, 0.1 } 
	};
	
	
//	public static final double[][] MASK3 = 
//	{ 
//		{ 0.000014f, 0.003806f, 0.000014f }, 
//		{ 0.003806f, 0.984714f, 0.003806f }, 
//		{ 0.000014f, 0.003806f, 0.000014f } 
//	};

//	public static final double[][] MASK5 = 
//	{ 
//		{ 0.00000658, 0.00042478, 0.00170354, 0.00042478, 0.00000658}, 
//		{ 0.00042478, 0.02739840, 0.10987800, 0.02739840, 0.00042478}, 
//		{ 0.00170354, 0.10987800, 0.44065500, 0.10987800, 0.00170354} ,
//		{ 0.00042478, 0.02739840, 0.10987800, 0.02739840, 0.00042478}, 
//		{ 0.00000658, 0.00042478, 0.00170354, 0.00042478, 0.00000658},
//	};
	
	
//	public static final double[][] MASK5 = 
//	{ 
//		{ 0.1, 0.2, 0.4, 0.2, 0.1}, 
//		{ 0.2, 0.6, 0.8, 0.6, 0.2}, 
//		{ 0.4, 0.8, 0.9, 0.8, 0.4} ,
//		{ 0.2, 0.6, 0.8, 0.6, 0.2}, 
//		{ 0.1, 0.2, 0.4, 0.2, 0.1},
//	};
	
	public static final double[][] MASK5 = 
	{ 
		{ 0.1, 0.1, 0.1, 0.1, 0.1}, 
		{ 0.1, 0.1, 0.1, 0.1, 0.1}, 
		{ 0.1, 0.1, 0.1, 0.1, 0.1} ,
		{ 0.1, 0.1, 0.1, 0.1, 0.1}, 
		{ 0.1, 0.1, 0.1, 0.1, 0.1},
	};
	
//	public static final double[][] MASK5 = 
//	{ 
//		{ 0.1, 0.2, 0.2, 0.2, 0.1}, 
//		{ 0.2, 0.4, 0.4, 0.4, 0.2}, 
//		{ 0.2, 0.4, 0.4, 0.4, 0.2} ,
//		{ 0.2, 0.4, 0.4, 0.4, 0.2}, 
//		{ 0.1, 0.2, 0.2, 0.2, 0.1},
//	};
	
	
	public static final double[][] MASK7 = 
    {  
        {0.00000067, 0.00002292, 0.00019117, 0.00038771, 0.00019117, 0.00002292, 0.00000067},  
        {0.00002292, 0.00078633, 0.00655965, 0.01330373, 0.00655965, 0.00078633, 0.00002292},  
        {0.00019117, 0.00655965, 0.05472157, 0.11098164, 0.05472157, 0.00655965, 0.00019117},  
        {0.00038771, 0.01330373, 0.11098164, 0.22508352, 0.11098164, 0.01330373, 0.00038771},  
        {0.00019117, 0.00655965, 0.05472157, 0.11098164, 0.05472157, 0.00655965, 0.00019117},  
        {0.00002292, 0.00078633, 0.00655965, 0.01330373, 0.00655965, 0.00078633, 0.00002292},  
        {0.00000067, 0.00002292, 0.00019117, 0.00038771, 0.00019117, 0.00002292, 0.00000067}  
    };  
	
	
	
	public static double[][] getMask(int size)
	{
		if (size == 3)
		{
			return MASK3;
		}
		else if (size == 5)
		{
			return MASK5;
		}
		else
		{
			return MASK7;
		}
	}
	
	
	public static double getMaskSume(int size)
	{
		if (size == 3)
		{
			return 1.3d;
		}
		return 2.5d;
	}
}
